Test Accuracy: 0.9931
Test Loss: 0.0215

              precision    recall  f1-score   support

           0     0.9959    0.9980    0.9969       980
           1     0.9939    0.9974    0.9956      1135
           2     0.9942    0.9913    0.9927      1032
           3     0.9941    0.9970    0.9956      1010
           4     0.9939    0.9929    0.9934       982
           5     0.9889    0.9966    0.9927       892
           6     0.9968    0.9896    0.9932       958
           7     0.9893    0.9922    0.9908      1028
           8     0.9888    0.9938    0.9913       974
           9     0.9950    0.9822    0.9885      1009

    accuracy                         0.9931     10000
   macro avg     0.9931    0.9931    0.9931     10000
weighted avg     0.9931    0.9931    0.9931     10000
